00052008 00000020 00000000 00000000 00000000 00000000 00000000 00000000
00000000 d5c68a3c 000000f5 00000000 00000000 00000000 00000000 00000000
00006a03 00000000 00000000 00000000 00000000 00000000 00000000 00000000
00000007 00000000 0000e000 00000000 00000000 00000000 00000000 00000000
00001a03 d5c68a3c 0000e8f5 00000000 00000000 00000000 00000000 00000000
00007fe0 00000000 00002000 00000000 00000000 00000000 00000000 00000000
0ac87fa1 f84e07f8 000021cc 00000000 00000000 00000000 00000000 00000000
61c57fa2 01d93dc1 000022c6 00000000 00000000 00000000 00000000 00000000
110bcd0d 00b004cc 00002100 00000000 00000000 00000000 00000000 00000000
c704d801 2a06aa16 0000228e 00000000 00000000 00000000 00000000 00000000
3f8f2e5e 041626c8 000022ce 00000000 00000000 00000000 00000000 00000000
882f8a6b 1f88331f 00002237 00000000 00000000 00000000 00000000 00000000
8a3b078a 018b3f07 000022d8 00000000 00000000 00000000 00000000 00000000
1c019e18 9c20019e 00002217 00000000 00000000 00000000 00000000 00000000
280b9d24 9c2c1f9c 0000221f 00000000 00000000 00000000 00000000 00000000
341f9c30 9e381e9c 00002207 00000000 00000000 00000000 00000000 00000000
d9079e3c da039e00 00002266 00000000 00000000 00000000 00000000 00000000
1faa2aad b001ab2e 00002200 00000000 00000000 00000000 00000000 00000000
00000000 00000000 0000f001 00000000 00000000 00000000 00000000 00000000
018c1000 d5c68a98 0000e8f5 00000000 00000000 00000000 00000000 00000000
0000b0e1 00000000 00002100 00000000 00000000 00000000 00000000 00000000
0000b0e2 00000000 00002200 00000000 00000000 00000000 00000000 00000000
3dc4b0a0 01c51fd6 000020d6 00000000 00000000 00000000 00000000 00000000
5209c803 19525501 00002051 00000000 00000000 00000000 00000000 00000000
1f501d0f 251e5021 00002052 00000000 00000000 00000000 00000000 00000000
01522901 000000b0 00002000 00000000 00000000 00000000 00000000 00000000
00000000 00000000 0000f001 00000000 00000000 00000000 00000000 00000000
03181000 d5c68af5 0000e8f5 00000000 00000000 00000000 00000000 00000000
0000e2e1 00000000 00002100 00000000 00000000 00000000 00000000 00000000
0000e2e2 00000000 00002200 00000000 00000000 00000000 00000000 00000000
3dc4e2a0 01c51fd6 000020d6 00000000 00000000 00000000 00000000 00000000
5209c803 05521507 00002019 00000000 00000000 00000000 00000000 00000000
4e1d0f51 21575d7f 00002050 00000000 00000000 00000000 00000000 00000000
0e50251f b0015229 00002000 00000000 00000000 00000000 00000000 00000000
00000000 00000000 0000f001 00000000 00000000 00000000 00000000 00000000
04a41000 d5c68b52 0000e8f5 00000000 00000000 00000000 00000000 00000000
000013e0 00000000 00002000 00000000 00000000 00000000 00000000 00000000
000013e1 00000000 00002100 00000000 00000000 00000000 00000000 00000000
000013e2 00000000 00002200 00000000 00000000 00000000 00000000 00000000
00000000 00000000 0000f001 00000000 00000000 00000000 00000000 00000000
06301000 d5c68baf 0000e8f5 00000000 00000000 00000000 00000000 00000000
000045e0 00000000 00002000 00000000 00000000 00000000 00000000 00000000
000045e2 00000000 00002200 00000000 00000000 00000000 00000000 00000000
37cf45a1 c03b03c0 00002107 00000000 00000000 00000000 00000000 00000000
d006c03f 00b0c343 00002100 00000000 00000000 00000000 00000000 00000000
00000000 00000000 0000f001 00000000 00000000 00000000 00000000 00000000
07bc1000 d5c68c0b 0000e8f5 00000000 00000000 00000000 00000000 00000000
000076e1 00000000 00002100 00000000 00000000 00000000 00000000 00000000
000076e0 00000000 00002000 00000000 00000000 00000000 00000000 00000000
000076e2 00000000 00002200 00000000 00000000 00000000 00000000 00000000
00000000 00000000 0000f001 00000000 00000000 00000000 00000000 00000000
09481000 d5c68c68 0000e8f5 00000000 00000000 00000000 00000000 00000000
0000a8e0 00000000 00002000 00000000 00000000 00000000 00000000 00000000
0000a8e1 00000000 00002100 00000000 00000000 00000000 00000000 00000000
0000a8e2 00000000 00002200 00000000 00000000 00000000 00000000 00000000
00000000 00000000 0000f001 00000000 00000000 00000000 00000000 00000000
0ad41000 d5c68cc5 0000e8f5 00000000 00000000 00000000 00000000 00000000
00001ce0 00000000 00002000 00000000 00000000 00000000 00000000 00000000
00001ce1 00000000 00002100 00000000 00000000 00000000 00000000 00000000
00001ce2 00000000 00002200 00000000 00000000 00000000 00000000 00000000
00000000 00000000 0000f001 00000000 00000000 00000000 00000000 00000000
0c601000 d5c68d21 0000e8f5 00000000 00000000 00000000 00000000 00000000
00004de0 00000000 00002000 00000000 00000000 00000000 00000000 00000000
00004de1 00000000 00002100 00000000 00000000 00000000 00000000 00000000
00004de2 00000000 00002200 00000000 00000000 00000000 00000000 00000000
00000000 00000000 0000f001 00000000 00000000 00000000 00000000 00000000
